world: 1c13fd23-f48d-4d09-8b4c-711dd0a69b9f
world-name: world
x: -46.111317
y: 63.0
z: 99.329636
yaw: -94.00640869140625
pitch: 34.87684631347656
name: abid
lastowner: 00000000-0000-0000-0009-01fe073a049e
