world: 1c13fd23-f48d-4d09-8b4c-711dd0a69b9f
world-name: world
x: 311.95972
y: 91.0
z: -682.26733
yaw: 165.76373291015625
pitch: 10.305282592773438
name: amethyst
lastowner: 00000000-0000-0000-0009-01fe073a049e
