world: 1c13fd23-f48d-4d09-8b4c-711dd0a69b9f
world-name: world
x: -25.63061
y: -49.0
z: 776.0541
yaw: -12.41351318359375
pitch: 18.998138427734375
name: checkpoint
lastowner: 00000000-0000-0000-0009-01fe073a049e
