world: 1c13fd23-f48d-4d09-8b4c-711dd0a69b9f
world-name: world
x: -329.5
y: 68.0
z: -1039.5
yaw: -177.9345703125
pitch: -5.4766998291015625
name: dil
lastowner: 00000000-0000-0000-0009-01ff47effc0a
