world: cc8c64d8-53f6-45c7-bf76-09b9eed8b8ec
world-name: world_nether
x: 110.69999998807907
y: 72.0
z: -11.699999988079071
yaw: 69.606201171875
pitch: 45.15016174316406
name: dodo07
lastowner: 03afafae-b16a-3701-9c92-525cb8ac9920
