world: cc8c64d8-53f6-45c7-bf76-09b9eed8b8ec
world-name: world_nether
x: 116.33120260689466
y: 39.0
z: -14.117150462264641
yaw: -22.308502197265625
pitch: 25.959428787231445
name: ee
lastowner: 03afafae-b16a-3701-9c92-525cb8ac9920
