world: cc8c64d8-53f6-45c7-bf76-09b9eed8b8ec
world-name: world_nether
x: 110.5
y: 72.0
z: -10.5
yaw: 113.74203491210938
pitch: 21.009063720703125
name: enderman
lastowner: 00000000-0000-0000-0009-01f70b87325d
