world: cc8c64d8-53f6-45c7-bf76-09b9eed8b8ec
world-name: world_nether
x: 125.69999998807907
y: 55.0
z: -8.699999988079071
yaw: 66.34161376953125
pitch: 24.759061813354492
name: endermand
lastowner: 03afafae-b16a-3701-9c92-525cb8ac9920
