world: 1c13fd23-f48d-4d09-8b4c-711dd0a69b9f
world-name: world
x: 1612.7202
y: 67.0
z: -2730.5388
yaw: 150.80950927734375
pitch: 12.608810424804688
name: garden?
lastowner: 00000000-0000-0000-0009-01fe6ad6d3d5
