world: 1c13fd23-f48d-4d09-8b4c-711dd0a69b9f
world-name: world
x: 256.8907
y: 75.0
z: 181.57639
yaw: -87.15758514404297
pitch: 36.03559875488281
name: lena
lastowner: 00000000-0000-0000-0009-01fe073a049e
