world: cc8c64d8-53f6-45c7-bf76-09b9eed8b8ec
world-name: world_nether
x: 22.449627
y: 68.0
z: 15.252248
yaw: 134.5068359375
pitch: 83.15472412109375
name: nether
lastowner: 00000000-0000-0000-0009-01fe073a049e
