world: cc8c64d8-53f6-45c7-bf76-09b9eed8b8ec
world-name: world_nether
x: 74.69999998807907
y: 48.0
z: -61.30000001192093
yaw: 105.64075469970703
pitch: 42.60942459106445
name: piglin
lastowner: 03afafae-b16a-3701-9c92-525cb8ac9920
