world: 1c13fd23-f48d-4d09-8b4c-711dd0a69b9f
world-name: world
x: 55.963966
y: 64.0
z: -191.69986
yaw: 48.30474853515625
pitch: 6.0420379638671875
name: portal
lastowner: 00000000-0000-0000-0009-01f70b87325d
