world: 1c13fd23-f48d-4d09-8b4c-711dd0a69b9f
world-name: world
x: 94.65951
y: 64.0
z: 259.25406
yaw: -120.4208984375
pitch: 8.955810546875
name: rima
lastowner: 00000000-0000-0000-0009-01f70b87325d
