world: 1c13fd23-f48d-4d09-8b4c-711dd0a69b9f
world-name: world
x: 131.5
y: 63.0
z: -561.5
yaw: 78.81591796875
pitch: -1.7852783203125
name: spawner
lastowner: 00000000-0000-0000-0009-01fe073a049e
