world: 1c13fd23-f48d-4d09-8b4c-711dd0a69b9f
world-name: world
x: 172.04274
y: -10.0
z: -781.7323
yaw: -139.64956665039062
pitch: 45.78230285644531
name: spawner2
lastowner: 00000000-0000-0000-0009-01fe073a049e
