world: 1c13fd23-f48d-4d09-8b4c-711dd0a69b9f
world-name: world
x: 154.42966
y: -42.0
z: -709.5138
yaw: -47.75743103027344
pitch: 11.090606689453125
name: stray
lastowner: 00000000-0000-0000-0009-01fe073a049e
