world: 1c13fd23-f48d-4d09-8b4c-711dd0a69b9f
world-name: world
x: 58.519604
y: 69.0
z: -2709.6135
yaw: 140.1744384765625
pitch: 13.1036376953125
name: vm
lastowner: 00000000-0000-0000-0009-01fe6ad6d3d5
